0 1 0 40393 10750
0 2 0 40933 11524
0 3 0 40772 11937
0 4 0 28487 7852
0 5 0 28094 7683
0 6 0 28303 8101
0 7 0 28824 8665
0 8 0 28675 8988
0 9 0 28263 9536
0 10 0 28110 9960
0 11 0 45822 17209
0 12 0 51935 21835
1 2 0 41209 12825
1 3 0 41330 13383
1 4 0 41497 13471
1 5 0 28659 9057
1 6 0 28816 9051
1 7 0 29185 9515
1 8 0 29039 9943
1 9 0 28814 10402
1 10 0 28831 11340
1 11 0 47091 19033
1 12 0 53109 23601
2 3 0 41220 14239
2 4 0 41449 14538
2 5 0 41367 14308
2 6 0 29132 9852
2 7 0 29212 10002
2 8 0 29041 10260
2 9 0 28905 10911
2 10 0 28872 11357
2 11 0 46737 19642
2 12 0 52600 23936
3 4 0 41479 15403
3 5 0 41428 15159
3 6 0 41358 15026
3 7 0 28846 10262
3 8 0 28946 10416
3 9 0 28952 11108
3 10 0 29069 11860
3 11 0 47190 20247
3 12 0 53153 25305
4 5 0 41398 16074
4 6 0 41785 16201
4 7 0 41300 16022
4 8 0 29106 11323
4 9 0 29061 11470
4 10 0 28790 11899
4 11 0 47333 20847
4 12 0 52978 25223
5 6 0 41805 16967
5 7 0 41642 16947
5 8 0 41627 17137
5 9 0 29363 12264
5 10 0 28742 12003
5 11 0 47302 21387
5 12 0 53053 26088
6 7 0 41748 17837
6 8 0 41709 18225
6 9 0 41608 18249
6 10 0 28872 12737
6 11 0 47166 21593
6 12 0 53532 26795
7 8 0 42093 19191
7 9 0 41504 19123
7 10 0 41694 19598
7 11 0 47433 22981
7 12 0 53192 27286
8 9 0 41756 20186
8 10 0 41624 20467
8 11 0 53528 27458
8 12 0 53389 28942
9 10 0 41325 20828
9 11 0 53363 28006
9 12 0 52719 29098
10 11 0 53374 28799
10 12 0 53547 30654
11 12 0 53788 31939
0 1 1 14901 4797
0 2 1 14697 4922
0 3 1 14937 5056
0 4 1 10341 3413
0 5 1 10535 3361
0 6 1 10309 3473
0 7 1 10504 3657
0 8 1 10545 3810
0 9 1 10443 4025
0 10 1 10333 4322
0 11 1 16791 7113
0 12 1 19065 8978
1 2 1 14785 5399
1 3 1 15012 5570
1 4 1 15064 5669
1 5 1 10436 3704
1 6 1 10249 3657
1 7 1 10472 3926
1 8 1 10441 4100
1 9 1 10306 4324
1 10 1 10244 4425
1 11 1 17135 7773
1 12 1 19110 9296
2 3 1 15177 5859
2 4 1 15099 5888
2 5 1 14758 5779
2 6 1 10338 3999
2 7 1 10418 3998
2 8 1 10510 4223
2 9 1 10361 4380
2 10 1 10467 4626
2 11 1 16828 7936
2 12 1 19045 9510
3 4 1 14915 6137
3 5 1 14962 6195
3 6 1 15192 6198
3 7 1 10613 4296
3 8 1 10546 4350
3 9 1 10411 4477
3 10 1 10625 4687
3 11 1 16968 7920
3 12 1 19317 9897
4 5 1 14900 6359
4 6 1 14928 6401
4 7 1 14799 6360
4 8 1 10528 4465
4 9 1 10445 4587
4 10 1 10545 4829
4 11 1 17024 8261
4 12 1 19200 9807
5 6 1 14957 6641
5 7 1 15081 6721
5 8 1 15186 6972
5 9 1 10581 4827
5 10 1 10321 4734
5 11 1 17187 8446
5 12 1 19298 10272
6 7 1 14915 6849
6 8 1 15051 7120
6 9 1 14973 7104
6 10 1 10432 5080
6 11 1 16654 8394
6 12 1 19471 10465
7 8 1 14959 7278
7 9 1 15067 7363
7 10 1 15019 7551
7 11 1 17200 8910
7 12 1 19033 10420
8 9 1 15033 7879
8 10 1 14904 7778
8 11 1 19595 10662
8 12 1 19409 11165
9 10 1 14922 7974
9 11 1 19244 10649
9 12 1 19074 11193
10 11 1 19547 11038
10 12 1 19414 11563
11 12 1 19447 11974
0 0 2 21031 8046
1 1 2 21532 9207
2 2 2 21661 9828
3 3 2 21710 10443
4 4 2 21842 11229
5 5 2 21751 11711
6 6 2 21592 12251
7 7 2 27948 16585
8 8 2 27526 17263
9 9 2 28043 18412
10 10 2 27698 19111
11 11 2 28038 20950
12 12 2 27858 22282
